# This file may be used to create an environment using:
# $ conda create --name <env> --file <this file>
# platform: osx-64
blas=1.0=mkl
bzip2=1.0.8=haf1e3a3_3
ca-certificates=2021.7.5=hecd8cb5_1
cairo=1.16.0=ha8983da_1005
certifi=2021.5.30=py38hecd8cb5_0
cloudpickle=1.6.0=py_0
cycler=0.10.0=py38_0
cytoolz=0.11.0=py38haf1e3a3_0
dask-core=2021.8.0=pyhd3eb1b0_0
ffmpeg=4.3=hd0c0d6a_0
fontconfig=2.13.1=h186bf41_1002
freetype=2.10.4=h3f75d11_0
fsspec=2021.7.0=pyhd3eb1b0_0
gettext=0.19.8.1=h1f1d5ed_1
glib=2.66.1=h9bbe63b_0
gmp=6.2.0=h4a8c4bd_2
gnutls=3.6.13=hc269f14_0
graphite2=1.3.13=h12caacf_1001
harfbuzz=2.4.0=h1050040_5
hdf5=1.10.6=nompi_h3e39495_100
icu=67.1=h4a8c4bd_0
imageio=2.9.0=pyhd3eb1b0_0
intel-openmp=2019.4=233
jasper=1.900.1=h636a363_1006
jpeg=9d=hbcb3906_0
kiwisolver=1.3.0=py38h23ab428_0
lame=3.100=h1de35cc_1001
lcms2=2.11=h92f6f08_0
libblas=3.9.0=1_h43114d0_netlib
libcblas=3.9.0=3_h7d47d6b_netlib
libcxx=10.0.0=1
libedit=3.1.20191231=h1de35cc_1
libffi=3.3=hb1e8313_2
libgfortran=4.0.0=h50e675f_13
libgfortran4=7.5.0=h50e675f_13
libiconv=1.16=haf1e3a3_0
liblapack=3.9.0=3_h7d47d6b_netlib
liblapacke=3.9.0=3_h7d47d6b_netlib
libopencv=4.4.0=py38_2
libpng=1.6.37=h7cec526_2
libtiff=4.1.0=h2ae36a8_6
libwebp-base=1.1.0=hbcb3906_3
libxml2=2.9.10=h2c6e4a5_2
llvm-openmp=11.0.0=h73239a0_1
locket=0.2.1=py38hecd8cb5_1
lz4-c=1.9.2=h4a8c4bd_1
matplotlib=3.3.2=0
matplotlib-base=3.3.2=py38h181983e_0
mkl=2019.4=233
mkl-service=2.3.0=py38hfbe908c_0
mkl_fft=1.2.0=py38hc64f4ea_0
mkl_random=1.1.1=py38h959d312_0
ncurses=6.2=h0a44026_1
nettle=3.4.1=h3efe00b_1002
networkx=2.6.2=pyhd3eb1b0_0
numpy=1.19.2=py38h456fd55_0
numpy-base=1.19.2=py38hcfb5961_0
olefile=0.46=py_0
opencv=4.4.0=py38_2
openh264=2.1.1=hd174df1_0
openssl=1.1.1k=h9ed2024_0
packaging=21.0=pyhd3eb1b0_0
partd=1.2.0=pyhd3eb1b0_0
pcre=8.44=h4a8c4bd_0
pillow=8.0.1=py38h5270095_0
pip=20.2.4=py38hecd8cb5_0
pixman=0.38.0=h01d97ff_1003
py-opencv=4.4.0=py38h23f93f0_2
pyparsing=2.4.7=py_0
python=3.8.5=h26836e1_1
python-dateutil=2.8.1=py_0
python_abi=3.8=1_cp38
pywavelets=1.1.1=py38haf1e3a3_2
pyyaml=5.4.1=py38h9ed2024_1
readline=8.0=h1de35cc_0
scikit-image=0.18.1=py38hb2f4e1b_0
scipy=1.4.1=py38h38b60c6_3
setuptools=50.3.1=py38hecd8cb5_1
six=1.15.0=py38hecd8cb5_0
sqlite=3.33.0=hffcf06c_0
tifffile=2020.10.1=py38h0cf3a3e_2
tk=8.6.10=hb0a8c7a_0
toolz=0.11.1=pyhd3eb1b0_0
tornado=6.0.4=py38h1de35cc_1
wheel=0.35.1=pyhd3eb1b0_0
x264=1!152.20180806=h1de35cc_0
xz=5.2.5=h1de35cc_0
yaml=0.2.5=haf1e3a3_0
zlib=1.2.11=h1de35cc_3
zstd=1.4.5=h0384e3a_1
